{"autoClear":true,"clearColor":[0,0,0],"ambientColor":[0,0,0],"gravity":[0,-9.81,0],
"materials":[{"name":"chris.Material","id":"chris.Material","ambient":[0.0064,0.0064,0.0064],"diffuse":[0.0051,0.0051,0.0051],"specular":[0.7622,0.7622,0.7622],"emissive":[0,0,0],"specularPower":50,"alpha":1,"backFaceCulling":true},{"name":"chris.Material.001","id":"chris.Material.001","ambient":[0.233,0.0594,0.0226],"diffuse":[0.1864,0.0475,0.0181],"specular":[0.0671,0.0169,0.0019],"emissive":[0,0,0],"specularPower":50,"alpha":1,"backFaceCulling":true},{"name":"chris.Material.002","id":"chris.Material.002","ambient":[0.8,0.5679,0.4413],"diffuse":[0.64,0.4543,0.353],"specular":[0.5,0.5,0.5],"emissive":[0,0,0],"specularPower":50,"alpha":1,"backFaceCulling":true},{"name":"chris.Material.003","id":"chris.Material.003","ambient":[0.5459,0.65,0.2036],"diffuse":[0.4367,0.52,0.1629],"specular":[0.0671,0.0671,0.0671],"emissive":[0,0,0],"specularPower":50,"alpha":1,"backFaceCulling":true},{"name":"chris.Material.004","id":"chris.Material.004","ambient":[0.8,0.7705,0.47],"diffuse":[0.64,0.6164,0.376],"specular":[0,0,0],"emissive":[0,0,0],"specularPower":1,"alpha":1,"backFaceCulling":true},{"name":"chris.Material.005","id":"chris.Material.005","ambient":[0.8,0.0751,0.0202],"diffuse":[0.64,0.0601,0.0162],"specular":[0.5,0.5,0.5],"emissive":[0,0,0],"specularPower":50,"alpha":1,"backFaceCulling":true},{"name":"chris.Material.006","id":"chris.Material.006","ambient":[0.8,0.4437,0.0059],"diffuse":[0.64,0.355,0.0047],"specular":[1,0.0698,0.0122],"emissive":[0,0,0],"specularPower":106,"alpha":1,"backFaceCulling":true},{"name":"chris.Material.007","id":"chris.Material.007","ambient":[0.0149,0.2593,0.8],"diffuse":[0.0119,0.2075,0.64],"specular":[1,1,1],"emissive":[0,0,0],"specularPower":173,"alpha":1,"backFaceCulling":true}],
"multiMaterials":[{"name":"chris.Multimaterial#0","id":"chris.Multimaterial#0","materials":["chris.Material.002","chris.Material.001","chris.Material.003","chris.Material.004","chris.Material","chris.Material.005","chris.Material.006","chris.Material.007"]}],
"skeletons":[{"name":"Armature","id":0,"bones":[
{"name":"Bone","index":0,"matrix":[0.2488,0,0,0,0,-0.0088,-0.2486,0,0,-0.2486,0.0088,0,-0.0008,0.0088,-0.2377,1],"parentBoneIndex":-1,"animation":{"dataType":3,"framePerSecond":24,"keys":[{"frame":0,"values":[0.2488,0,0,0,0,-0.0088,-0.2486,0,0,-0.2486,0.0088,0,-0.0008,0.0088,-0.2377,1]},{"frame":100,"values":[0.2488,0,0,0,0,-0.0088,-0.2486,0,0,-0.2486,0.0088,0,-0.0008,0.0088,-0.2377,1]}],"loopBehavior":1,"name":"anim","property":"_matrix"}},
{"name":"Bone.001","index":1,"matrix":[0.2481,0.0065,0.0169,0,-0.0065,-0.1842,0.1671,0,-0.0169,0.1671,0.1835,0,0.0001,0.9766,-0.0645,1],"parentBoneIndex":-1,"animation":{"dataType":3,"framePerSecond":24,"keys":[{"frame":0,"values":[0.2481,0.0065,0.0169,0,-0.0065,-0.1842,0.1671,0,-0.0169,0.1671,0.1835,0,0.0001,0.9766,-0.0645,1]},{"frame":1,"values":[0.2481,0.0062,0.0169,0,-0.0068,-0.1842,0.1671,0,-0.0166,0.1671,0.1835,0,0.0001,0.9766,-0.0645,1]},{"frame":2,"values":[0.2482,0.0051,0.0169,0,-0.0076,-0.1841,0.1671,0,-0.0159,0.1672,0.1835,0,0.0001,0.9766,-0.0645,1]},{"frame":3,"values":[0.2482,0.0033,0.0169,0,-0.0089,-0.1841,0.1671,0,-0.0147,0.1673,0.1835,0,0.0001,0.9766,-0.0645,1]},{"frame":4,"values":[0.2482,0.0007,0.0169,0,-0.0108,-0.184,0.1671,0,-0.013,0.1675,0.1835,0,0.0001,0.9766,-0.0645,1]},{"frame":5,"values":[0.2482,-0.0024,0.0169,0,-0.0131,-0.1838,0.1671,0,-0.0108,0.1676,0.1835,0,0.0001,0.9766,-0.0645,1]},{"frame":6,"values":[0.2481,-0.0059,0.0169,0,-0.0157,-0.1836,0.1671,0,-0.0085,0.1678,0.1835,0,0.0001,0.9766,-0.0645,1]},{"frame":7,"values":[0.248,-0.0095,0.0169,0,-0.0184,-0.1834,0.1671,0,-0.006,0.1679,0.1835,0,0.0001,0.9766,-0.0645,1]},{"frame":8,"values":[0.2479,-0.013,0.0169,0,-0.021,-0.1831,0.1671,0,-0.0037,0.1679,0.1835,0,0.0001,0.9766,-0.0645,1]},{"frame":9,"values":[0.2477,-0.0162,0.0169,0,-0.0233,-0.1828,0.1671,0,-0.0015,0.168,0.1835,0,0.0001,0.9766,-0.0645,1]},{"frame":10,"values":[0.2475,-0.019,0.0169,0,-0.0254,-0.1825,0.1671,0,0.0004,0.168,0.1835,0,0.0001,0.9766,-0.0645,1]},{"frame":11,"values":[0.2472,-0.0221,0.0169,0,-0.0277,-0.1822,0.1671,0,0.0025,0.168,0.1835,0,0.0001,0.9717,-0.0645,1]},{"frame":12,"values":[0.2469,-0.0257,0.0169,0,-0.0304,-0.1818,0.1671,0,0.005,0.1679,0.1835,0,0.0001,0.9581,-0.0645,1]},{"frame":13,"values":[0.2465,-0.0292,0.0169,0,-0.0329,-0.1813,0.1671,0,0.0073,0.1678,0.1835,0,0.0001,0.9406,-0.0645,1]},{"frame":14,"values":[0.2462,-0.0316,0.0169,0,-0.0347,-0.181,0.1671,0,0.0089,0.1677,0.1835,0,0.0001,0.9269,-0.0645,1]},{"frame":15,"values":[0.2461,-0.0323,0.0169,0,-0.0352,-0.1809,0.1671,0,0.0095,0.1677,0.1835,0,0.0001,0.9221,-0.0645,1]},{"frame":16,"values":[0.2463,-0.0305,0.0169,0,-0.0339,-0.1811,0.1672,0,0.0082,0.1678,0.1835,0,0.0001,0.9237,-0.0645,1]},{"frame":17,"values":[0.2469,-0.0251,0.0169,0,-0.0299,-0.1817,0.1672,0,0.0045,0.168,0.1834,0,0.0001,0.9286,-0.0645,1]},{"frame":18,"values":[0.2476,-0.0173,0.0169,0,-0.0242,-0.1825,0.1674,0,-0.0008,0.1682,0.1833,0,0.0001,0.9358,-0.0645,1]},{"frame":19,"values":[0.248,-0.0096,0.0169,0,-0.0185,-0.183,0.1675,0,-0.006,0.1682,0.1832,0,0.0001,0.9429,-0.0645,1]},{"frame":20,"values":[0.2482,-0.0038,0.017,0,-0.0143,-0.1833,0.1676,0,-0.0099,0.1681,0.1831,0,0.0001,0.9484,-0.0645,1]},{"frame":21,"values":[0.2482,0.0001,0.017,0,-0.0114,-0.1835,0.1676,0,-0.0126,0.1679,0.1831,0,0.0001,0.9531,-0.0645,1]},{"frame":22,"values":[0.2482,0.003,0.017,0,-0.0092,-0.1837,0.1675,0,-0.0145,0.1677,0.1832,0,0.0001,0.9581,-0.0645,1]},{"frame":23,"values":[0.2481,0.0055,0.0169,0,-0.0074,-0.1839,0.1674,0,-0.0162,0.1675,0.1832,0,0.0001,0.9624,-0.0645,1]},{"frame":24,"values":[0.2481,0.0084,0.017,0,-0.0052,-0.1839,0.1674,0,-0.0182,0.1673,0.1832,0,0.0001,0.9652,-0.0645,1]},{"frame":25,"values":[0.2479,0.0123,0.017,0,-0.0023,-0.1839,0.1676,0,-0.0208,0.1671,0.1831,0,0.0001,0.966,-0.0645,1]},{"frame":26,"values":[0.2475,0.0181,0.017,0,0.0019,-0.1837,0.1678,0,-0.0247,0.1668,0.1829,0,0.0001,0.9623,-0.0645,1]},{"frame":27,"values":[0.2469,0.0259,0.017,0,0.0076,-0.1832,0.1682,0,-0.03,0.1663,0.1826,0,0.0001,0.952,-0.0645,1]},{"frame":28,"values":[0.2459,0.0337,0.017,0,0.0134,-0.1825,0.1685,0,-0.0353,0.1657,0.1822,0,0.0001,0.9388,-0.0645,1]},{"frame":29,"values":[0.2451,0.0391,0.017,0,0.0174,-0.1819,0.1688,0,-0.039,0.1651,0.182,0,0.0001,0.9284,-0.0645,1]},{"frame":30,"values":[0.2448,0.0409,0.017,0,0.0187,-0.1817,0.1689,0,-0.0402,0.1649,0.1819,0,0.0001,0.9248,-0.0645,1]},{"frame":31,"values":[0.2456,0.0357,0.017,0,0.0148,-0.1822,0.1687,0,-0.0367,0.1656,0.182,0,0.0001,0.9262,-0.0645,1]},{"frame":32,"values":[0.2473,0.0209,0.017,0,0.0039,-0.1831,0.1683,0,-0.0267,0.1671,0.1824,0,0.0001,0.9307,-0.0645,1]},{"frame":33,"values":[0.2482,0.0017,0.017,0,-0.0102,-0.1834,0.1678,0,-0.0137,0.1681,0.1829,0,0.0001,0.9375,-0.0645,1]},{"frame":34,"values":[0.2479,-0.0133,0.0169,0,-0.0212,-0.1828,0.1674,0,-0.0035,0.1683,0.1832,0,0.0001,0.9447,-0.0645,1]},{"frame":35,"values":[0.2475,-0.0187,0.0169,0,-0.0252,-0.1824,0.1673,0,0.0002,0.1681,0.1834,0,0.0001,0.9507,-0.0645,1]},{"frame":36,"values":[0.2475,-0.0188,0.0169,0,-0.0253,-0.1824,0.1673,0,0.0003,0.1681,0.1834,0,0.0001,0.9567,-0.0645,1]},{"frame":37,"values":[0.2475,-0.0189,0.0169,0,-0.0254,-0.1824,0.1673,0,0.0003,0.1681,0.1834,0,0.0001,0.9639,-0.0645,1]},{"frame":38,"values":[0.2475,-0.019,0.0169,0,-0.0254,-0.1824,0.1672,0,0.0004,0.1681,0.1834,0,0.0001,0.9706,-0.0645,1]},{"frame":39,"values":[0.2475,-0.019,0.0169,0,-0.0254,-0.1825,0.1672,0,0.0004,0.168,0.1835,0,0.0001,0.9751,-0.0645,1]},{"frame":40,"values":[0.2475,-0.019,0.0169,0,-0.0254,-0.1825,0.1671,0,0.0004,0.168,0.1835,0,0.0001,0.9766,-0.0645,1]},{"frame":41,"values":[0.2476,-0.0167,0.0169,0,-0.0237,-0.1828,0.1671,0,-0.0012,0.1679,0.1836,0,0.0001,0.9766,-0.0645,1]},{"frame":42,"values":[0.248,-0.0104,0.0169,0,-0.019,-0.1834,0.1671,0,-0.0055,0.1678,0.1836,0,0.0001,0.9766,-0.0645,1]},{"frame":43,"values":[0.2482,-0.0021,0.0169,0,-0.0129,-0.1839,0.1671,0,-0.011,0.1676,0.1836,0,0.0001,0.9766,-0.0645,1]},{"frame":44,"values":[0.2482,0.0043,0.0169,0,-0.0082,-0.1841,0.1671,0,-0.0153,0.1673,0.1835,0,0.0001,0.9766,-0.0645,1]},{"frame":45,"values":[0.2481,0.0065,0.0169,0,-0.0065,-0.1842,0.1671,0,-0.0169,0.1671,0.1835,0,0.0001,0.9766,-0.0645,1]},{"frame":46,"values":[0.2482,0.0029,0.0169,0,-0.0092,-0.1842,0.167,0,-0.0144,0.1672,0.1837,0,0.0001,0.9784,-0.0645,1]},{"frame":47,"values":[0.2481,-0.0073,0.0168,0,-0.0167,-0.1841,0.1666,0,-0.0076,0.1672,0.184,0,0.0001,0.9833,-0.0645,1]},{"frame":48,"values":[0.2474,-0.0204,0.0168,0,-0.0264,-0.1832,0.1662,0,0.0012,0.1671,0.1843,0,0.0001,0.9897,-0.0645,1]},{"frame":49,"values":[0.2463,-0.0305,0.0168,0,-0.0339,-0.1818,0.1664,0,0.0081,0.167,0.1842,0,0.0001,0.9947,-0.0645,1]},{"frame":50,"values":[0.2459,-0.0341,0.0169,0,-0.0365,-0.1806,0.1671,0,0.0107,0.1676,0.1835,0,0.0001,0.9964,-0.0645,1]},{"frame":51,"values":[0.2467,-0.0271,0.0167,0,-0.0311,-0.1785,0.1705,0,0.0066,0.1712,0.1804,0,0.0001,0.9434,-0.0645,1]},{"frame":52,"values":[0.2475,-0.0182,0.0177,0,-0.0254,-0.175,0.175,0,0.0004,0.1759,0.176,0,0.0001,0.8903,-0.0645,1]},{"frame":53,"values":[0.2475,-0.0165,0.0191,0,-0.0252,-0.1725,0.1775,0,-0.0015,0.1785,0.1733,0,0.0001,0.8976,-0.0645,1]},{"frame":54,"values":[0.2475,-0.016,0.0196,0,-0.0252,-0.1704,0.1795,0,-0.0018,0.1806,0.1711,0,0.0001,0.9161,-0.0645,1]},{"frame":55,"values":[0.2475,-0.0141,0.021,0,-0.0251,-0.1678,0.182,0,-0.0039,0.1832,0.1683,0,0.0001,0.9327,-0.0645,1]},{"frame":56,"values":[0.2477,-0.0079,0.0224,0,-0.022,-0.1647,0.1852,0,-0.009,0.1863,0.1646,0,0.0001,0.9461,-0.0645,1]},{"frame":57,"values":[0.2478,0.0038,0.0217,0,-0.0141,-0.1612,0.189,0,-0.017,0.1894,0.1604,0,0.0001,0.9608,-0.0645,1]},{"frame":58,"values":[0.2474,0.0175,0.0192,0,-0.0039,-0.1568,0.1931,0,-0.0257,0.1923,0.1557,0,0.0001,0.9739,-0.0645,1]},{"frame":59,"values":[0.2467,0.028,0.0163,0,0.0042,-0.1517,0.1972,0,-0.0321,0.1952,0.1509,0,0.0001,0.9822,-0.0645,1]},{"frame":60,"values":[0.2463,0.0324,0.014,0,0.0079,-0.1465,0.201,0,-0.0344,0.1985,0.146,0,0.0001,0.9849,-0.0645,1]},{"frame":61,"values":[0.2462,0.0332,0.0128,0,0.0084,-0.1416,0.2043,0,-0.0345,0.2018,0.1413,0,0.0001,0.9561,-0.0659,1]},{"frame":62,"values":[0.2463,0.0333,0.0122,0,0.0081,-0.1364,0.2079,0,-0.0345,0.2054,0.1361,0,0.0001,0.8945,-0.0689,1]},{"frame":63,"values":[0.2463,0.0335,0.0112,0,0.0079,-0.1291,0.2125,0,-0.0344,0.21,0.1289,0,0.0001,0.8657,-0.0703,1]},{"frame":64,"values":[0.2463,0.0341,0.0093,0,0.0079,-0.1168,0.2195,0,-0.0344,0.217,0.1167,0,0.0001,0.8761,-0.0642,1]},{"frame":65,"values":[0.2463,0.0346,0.007,0,0.0079,-0.1018,0.2269,0,-0.0344,0.2244,0.1018,0,0.0001,0.9018,-0.0501,1]},{"frame":66,"values":[0.2463,0.0348,0.0061,0,0.0079,-0.0956,0.2295,0,-0.0344,0.227,0.0957,0,0.0001,0.9234,-0.0403,1]},{"frame":67,"values":[0.2463,0.0348,0.0061,0,0.0079,-0.096,0.2294,0,-0.0344,0.2269,0.0961,0,0.0001,0.9328,-0.037,1]},{"frame":68,"values":[0.2463,0.0347,0.0065,0,0.0079,-0.0987,0.2282,0,-0.0344,0.2257,0.0988,0,0.0001,0.9442,-0.0403,1]},{"frame":69,"values":[0.2483,0.0008,0.0155,0,-0.0121,-0.145,0.2018,0,-0.0096,0.2022,0.1447,0,0.0001,0.9757,-0.0542,1]},{"frame":70,"values":[0.2459,-0.0341,0.0169,0,-0.0365,-0.1806,0.1671,0,0.0107,0.1676,0.1835,0,0.0001,0.9964,-0.0645,1]},{"frame":71,"values":[0.2463,-0.0305,0.0168,0,-0.0338,-0.1818,0.1664,0,0.0081,0.167,0.1842,0,0,0.9947,-0.0645,1]},{"frame":72,"values":[0.2474,-0.0203,0.0168,0,-0.0264,-0.1832,0.1662,0,0.0012,0.1671,0.1843,0,0,0.9897,-0.0645,1]},{"frame":73,"values":[0.2481,-0.0073,0.0168,0,-0.0167,-0.1841,0.1666,0,-0.0076,0.1672,0.184,0,0.0001,0.9833,-0.0645,1]},{"frame":74,"values":[0.2482,0.0029,0.0169,0,-0.0092,-0.1842,0.167,0,-0.0144,0.1672,0.1837,0,0.0001,0.9784,-0.0645,1]},{"frame":75,"values":[0.2481,0.0065,0.0169,0,-0.0065,-0.1842,0.1671,0,-0.0169,0.1671,0.1835,0,0.0001,0.9766,-0.0645,1]},{"frame":100,"values":[0.2481,0.0065,0.0169,0,-0.0065,-0.1842,0.1671,0,-0.0169,0.1671,0.1835,0,0.0001,0.9766,-0.0645,1]}],"loopBehavior":1,"name":"anim","property":"_matrix"}},
{"name":"Hip.R","index":2,"matrix":[0.4247,0.6739,-0.6045,0,0.9038,-0.3545,0.2398,0,-0.0527,-0.6482,-0.7596,0,0,0.1918,0,1],"parentBoneIndex":1,"animation":{"dataType":3,"framePerSecond":24,"keys":[{"frame":0,"values":[0.4247,0.6739,-0.6045,0,0.9038,-0.3545,0.2398,0,-0.0527,-0.6482,-0.7596,0,0,0.1918,0,1]},{"frame":1,"values":[0.4247,0.6739,-0.6045,0,0.9038,-0.3545,0.2398,0,-0.0527,-0.6482,-0.7596,0,0,0.1918,0,1]},{"frame":2,"values":[0.4247,0.6739,-0.6045,0,0.9038,-0.3545,0.2398,0,-0.0527,-0.6482,-0.7596,0,0,0.1918,0,1]},{"frame":3,"values":[0.4247,0.6739,-0.6045,0,0.9038,-0.3545,0.2398,0,-0.0527,-0.6482,-0.7596,0,0,0.1918,0,1]},{"frame":4,"values":[0.4247,0.6739,-0.6045,0,0.9038,-0.3545,0.2398,0,-0.0527,-0.6482,-0.7596,0,0,0.1918,0,1]},{"frame":5,"values":[0.4247,0.6739,-0.6045,0,0.9038,-0.3545,0.2398,0,-0.0527,-0.6482,-0.7596,0,0,0.1918,0,1]},{"frame":6,"values":[0.4247,0.6739,-0.6045,0,0.9038,-0.3545,0.2398,0,-0.0527,-0.6482,-0.7596,0,0,0.1918,0,1]},{"frame":7,"values":[0.4247,0.6739,-0.6045,0,0.9038,-0.3545,0.2398,0,-0.0527,-0.6482,-0.7596,0,0,0.1918,0,1]},{"frame":8,"values":[0.4247,0.6739,-0.6045,0,0.9038,-0.3545,0.2398,0,-0.0527,-0.6482,-0.7596,0,0,0.1918,0,1]},{"frame":9,"values":[0.4247,0.6739,-0.6045,0,0.9038,-0.3545,0.2398,0,-0.0527,-0.6482,-0.7596,0,0,0.1918,0,1]},{"frame":10,"values":[0.4247,0.6739,-0.6045,0,0.9038,-0.3545,0.2398,0,-0.0527,-0.6482,-0.7596,0,0,0.1918,0,1]},{"frame":11,"values":[0.4247,0.6739,-0.6045,0,0.9038,-0.3545,0.2398,0,-0.0527,-0.6482,-0.7596,0,0,0.1918,0,1]},{"frame":12,"values":[0.4247,0.6739,-0.6045,0,0.9038,-0.3545,0.2398,0,-0.0527,-0.6482,-0.7596,0,0,0.1918,0,1]},{"frame":13,"values":[0.4247,0.6739,-0.6045,0,0.9038,-0.3545,0.2398,0,-0.0527,-0.6482,-0.7596,0,0,0.1918,0,1]},{"frame":14,"values":[0.4247,0.6739,-0.6045,0,0.9038,-0.3545,0.2398,0,-0.0527,-0.6482,-0.7596,0,0,0.1918,0,1]},{"frame":15,"values":[0.4247,0.6739,-0.6045,0,0.9038,-0.3545,0.2398,0,-0.0527,-0.6482,-0.7596,0,0,0.1918,0,1]},{"frame":16,"values":[0.4247,0.6739,-0.6045,0,0.9038,-0.3545,0.2398,0,-0.0527,-0.6482,-0.7596,0,0,0.1918,0,1]},{"frame":17,"values":[0.4247,0.6739,-0.6045,0,0.9038,-0.3545,0.2398,0,-0.0527,-0.6482,-0.7596,0,0,0.1918,0,1]},{"frame":18,"values":[0.4247,0.6739,-0.6045,0,0.9038,-0.3545,0.2398,0,-0.0527,-0.6482,-0.7596,0,0,0.1918,0,1]},{"frame":19,"values":[0.4247,0.6739,-0.6045,0,0.9038,-0.3545,0.2398,0,-0.0527,-0.6482,-0.7596,0,0,0.1918,0,1]},{"frame":20,"values":[0.4247,0.6739,-0.6045,0,0.9038,-0.3545,0.2398,0,-0.0527,-0.6482,-0.7596,0,0,0.1918,0,1]},{"frame":21,"values":[0.4247,0.6739,-0.6045,0,0.9038,-0.3545,0.2398,0,-0.0527,-0.6482,-0.7596,0,0,0.1918,0,1]},{"frame":22,"values":[0.4247,0.6739,-0.6045,0,0.9038,-0.3545,0.2398,0,-0.0527,-0.6482,-0.7596,0,0,0.1918,0,1]},{"frame":23,"values":[0.4247,0.6739,-0.6045,0,0.9038,-0.3545,0.2398,0,-0.0527,-0.6482,-0.7596,0,0,0.1918,0,1]},{"frame":24,"values":[0.4247,0.6739,-0.6045,0,0.9038,-0.3545,0.2398,0,-0.0527,-0.6482,-0.7596,0,0,0.1918,0,1]},{"frame":25,"values":[0.4247,0.6739,-0.6045,0,0.9038,-0.3545,0.2398,0,-0.0527,-0.6482,-0.7596,0,0,0.1918,0,1]},{"frame":26,"values":[0.4247,0.6739,-0.6045,0,0.9038,-0.3545,0.2398,0,-0.0527,-0.6482,-0.7596,0,0,0.1918,0,1]},{"frame":27,"values":[0.4247,0.6739,-0.6045,0,0.9038,-0.3545,0.2398,0,-0.0527,-0.6482,-0.7596,0,0,0.1918,0,1]},{"frame":28,"values":[0.4247,0.6739,-0.6045,0,0.9038,-0.3545,0.2398,0,-0.0527,-0.6482,-0.7596,0,0,0.1918,0,1]},{"frame":29,"values":[0.4247,0.6739,-0.6045,0,0.9038,-0.3545,0.2398,0,-0.0527,-0.6482,-0.7596,0,0,0.1918,0,1]},{"frame":30,"values":[0.4247,0.6739,-0.6045,0,0.9038,-0.3545,0.2398,0,-0.0527,-0.6482,-0.7596,0,0,0.1918,0,1]},{"frame":31,"values":[0.4247,0.6739,-0.6045,0,0.9038,-0.3545,0.2398,0,-0.0527,-0.6482,-0.7596,0,0,0.1918,0,1]},{"frame":32,"values":[0.4247,0.6739,-0.6045,0,0.9038,-0.3545,0.2398,0,-0.0527,-0.6482,-0.7596,0,0,0.1918,0,1]},{"frame":33,"values":[0.4247,0.6739,-0.6045,0,0.9038,-0.3545,0.2398,0,-0.0527,-0.6482,-0.7596,0,0,0.1918,0,1]},{"frame":34,"values":[0.4247,0.6739,-0.6045,0,0.9038,-0.3545,0.2398,0,-0.0527,-0.6482,-0.7596,0,0,0.1918,0,1]},{"frame":35,"values":[0.4247,0.6739,-0.6045,0,0.9038,-0.3545,0.2398,0,-0.0527,-0.6482,-0.7596,0,0,0.1918,0,1]},{"frame":36,"values":[0.4247,0.6739,-0.6045,0,0.9038,-0.3545,0.2398,0,-0.0527,-0.6482,-0.7596,0,0,0.1918,0,1]},{"frame":37,"values":[0.4247,0.6739,-0.6045,0,0.9038,-0.3545,0.2398,0,-0.0527,-0.6482,-0.7596,0,0,0.1918,0,1]},{"frame":38,"values":[0.4247,0.6739,-0.6045,0,0.9038,-0.3545,0.2398,0,-0.0527,-0.6482,-0.7596,0,0,0.1918,0,1]},{"frame":39,"values":[0.4247,0.6739,-0.6045,0,0.9038,-0.3545,0.2398,0,-0.0527,-0.6482,-0.7596,0,0,0.1918,0,1]},{"frame":40,"values":[0.4247,0.6739,-0.6045,0,0.9038,-0.3545,0.2398,0,-0.0527,-0.6482,-0.7596,0,0,0.1918,0,1]},{"frame":41,"values":[0.4247,0.6739,-0.6045,0,0.9038,-0.3545,0.2398,0,-0.0527,-0.6482,-0.7596,0,0,0.1918,0,1]},{"frame":42,"values":[0.4247,0.6739,-0.6045,0,0.9038,-0.3545,0.2398,0,-0.0527,-0.6482,-0.7596,0,0,0.1918,0,1]},{"frame":43,"values":[0.4247,0.6739,-0.6045,0,0.9038,-0.3545,0.2398,0,-0.0527,-0.6482,-0.7596,0,0,0.1918,0,1]},{"frame":44,"values":[0.4247,0.6739,-0.6045,0,0.9038,-0.3545,0.2398,0,-0.0527,-0.6482,-0.7596,0,0,0.1918,0,1]},{"frame":45,"values":[0.4247,0.6739,-0.6045,0,0.9038,-0.3545,0.2398,0,-0.0527,-0.6482,-0.7596,0,0,0.1918,0,1]},{"frame":46,"values":[0.4247,0.6739,-0.6045,0,0.9038,-0.3545,0.2398,0,-0.0527,-0.6482,-0.7596,0,0,0.1918,0,1]},{"frame":47,"values":[0.4247,0.6739,-0.6045,0,0.9038,-0.3545,0.2398,0,-0.0527,-0.6482,-0.7596,0,0,0.1918,0,1]},{"frame":48,"values":[0.4247,0.6739,-0.6045,0,0.9038,-0.3545,0.2398,0,-0.0527,-0.6482,-0.7596,0,0,0.1918,0,1]},{"frame":49,"values":[0.4247,0.6739,-0.6045,0,0.9038,-0.3545,0.2398,0,-0.0527,-0.6482,-0.7596,0,0,0.1918,0,1]},{"frame":50,"values":[0.4247,0.6739,-0.6045,0,0.9038,-0.3545,0.2398,0,-0.0527,-0.6482,-0.7596,0,0,0.1918,0,1]},{"frame":51,"values":[0.4247,0.6739,-0.6045,0,0.9038,-0.3545,0.2398,0,-0.0527,-0.6482,-0.7596,0,0,0.1918,0,1]},{"frame":52,"values":[0.4247,0.6739,-0.6045,0,0.9038,-0.3545,0.2398,0,-0.0527,-0.6482,-0.7596,0,0,0.1918,0,1]},{"frame":53,"values":[0.4247,0.6739,-0.6045,0,0.9038,-0.3545,0.2398,0,-0.0527,-0.6482,-0.7596,0,0,0.1918,0,1]},{"frame":54,"values":[0.4247,0.6739,-0.6045,0,0.9038,-0.3545,0.2398,0,-0.0527,-0.6482,-0.7596,0,0,0.1918,0,1]},{"frame":55,"values":[0.4247,0.6739,-0.6045,0,0.9038,-0.3545,0.2398,0,-0.0527,-0.6482,-0.7596,0,0,0.1918,0,1]},{"frame":56,"values":[0.4247,0.6739,-0.6045,0,0.9038,-0.3545,0.2398,0,-0.0527,-0.6482,-0.7596,0,0,0.1918,0,1]},{"frame":57,"values":[0.4247,0.6739,-0.6045,0,0.9038,-0.3545,0.2398,0,-0.0527,-0.6482,-0.7596,0,0,0.1918,0,1]},{"frame":58,"values":[0.4247,0.6739,-0.6045,0,0.9038,-0.3545,0.2398,0,-0.0527,-0.6482,-0.7596,0,0,0.1918,0,1]},{"frame":59,"values":[0.4247,0.6739,-0.6045,0,0.9038,-0.3545,0.2398,0,-0.0527,-0.6482,-0.7596,0,0,0.1918,0,1]},{"frame":60,"values":[0.4247,0.6739,-0.6045,0,0.9038,-0.3545,0.2398,0,-0.0527,-0.6482,-0.7596,0,0,0.1918,0,1]},{"frame":61,"values":[0.4247,0.6739,-0.6045,0,0.9038,-0.3545,0.2398,0,-0.0527,-0.6482,-0.7596,0,0,0.1918,0,1]},{"frame":62,"values":[0.4247,0.6739,-0.6045,0,0.9038,-0.3545,0.2398,0,-0.0527,-0.6482,-0.7596,0,0,0.1918,0,1]},{"frame":63,"values":[0.4247,0.6739,-0.6045,0,0.9038,-0.3545,0.2398,0,-0.0527,-0.6482,-0.7596,0,0,0.1918,0,1]},{"frame":64,"values":[0.4247,0.6739,-0.6045,0,0.9038,-0.3545,0.2398,0,-0.0527,-0.6482,-0.7596,0,0,0.1918,0,1]},{"frame":65,"values":[0.4247,0.6739,-0.6045,0,0.9038,-0.3545,0.2398,0,-0.0527,-0.6482,-0.7596,0,0,0.1918,0,1]},{"frame":66,"values":[0.4247,0.6739,-0.6045,0,0.9038,-0.3545,0.2398,0,-0.0527,-0.6482,-0.7596,0,0,0.1918,0,1]},{"frame":67,"values":[0.4247,0.6739,-0.6045,0,0.9038,-0.3545,0.2398,0,-0.0527,-0.6482,-0.7596,0,0,0.1918,0,1]},{"frame":68,"values":[0.4247,0.6739,-0.6045,0,0.9038,-0.3545,0.2398,0,-0.0527,-0.6482,-0.7596,0,0,0.1918,0,1]},{"frame":69,"values":[0.4247,0.6739,-0.6045,0,0.9038,-0.3545,0.2398,0,-0.0527,-0.6482,-0.7596,0,0,0.1918,0,1]},{"frame":70,"values":[0.4247,0.6739,-0.6045,0,0.9038,-0.3545,0.2398,0,-0.0527,-0.6482,-0.7596,0,0,0.1918,0,1]},{"frame":71,"values":[0.4247,0.6739,-0.6045,0,0.9038,-0.3545,0.2398,0,-0.0527,-0.6482,-0.7596,0,0,0.1918,0,1]},{"frame":72,"values":[0.4247,0.6739,-0.6045,0,0.9038,-0.3545,0.2398,0,-0.0527,-0.6482,-0.7596,0,0,0.1918,0,1]},{"frame":73,"values":[0.4247,0.6739,-0.6045,0,0.9038,-0.3545,0.2398,0,-0.0527,-0.6482,-0.7596,0,0,0.1918,0,1]},{"frame":74,"values":[0.4247,0.6739,-0.6045,0,0.9038,-0.3545,0.2398,0,-0.0527,-0.6482,-0.7596,0,0,0.1918,0,1]},{"frame":75,"values":[0.4247,0.6739,-0.6045,0,0.9038,-0.3545,0.2398,0,-0.0527,-0.6482,-0.7596,0,0,0.1918,0,1]},{"frame":100,"values":[0.4247,0.6739,-0.6045,0,0.9038,-0.3545,0.2398,0,-0.0527,-0.6482,-0.7596,0,0,0.1918,0,1]}],"loopBehavior":1,"name":"anim","property":"_matrix"}},
{"name":"thigh.R","index":3,"matrix":[-0.3838,-0.9233,-0.0153,0,0.9218,-0.3841,0.0524,0,-0.0543,0.006,0.9985,0,0,0.4248,0,1],"parentBoneIndex":2,"animation":{"dataType":3,"framePerSecond":24,"keys":[{"frame":0,"values":[-0.3838,-0.9233,-0.0153,0,0.9218,-0.3841,0.0524,0,-0.0543,0.006,0.9985,0,0,0.4248,0,1]},{"frame":1,"values":[-0.3836,-0.9234,-0.0156,0,0.9219,-0.3839,0.0526,0,-0.0546,0.0058,0.9985,0,0,0.4248,0,1]},{"frame":2,"values":[-0.3829,-0.9236,-0.0164,0,0.9221,-0.3832,0.0534,0,-0.0555,0.0053,0.9984,0,0,0.4248,0,1]},{"frame":3,"values":[-0.3816,-0.9242,-0.0176,0,0.9226,-0.3819,0.0545,0,-0.0571,0.0046,0.9984,0,0,0.4248,0,1]},{"frame":4,"values":[-0.3794,-0.925,-0.0192,0,0.9234,-0.3798,0.0561,0,-0.0592,0.0035,0.9982,0,0,0.4248,0,1]},{"frame":5,"values":[-0.3762,-0.9263,-0.021,0,0.9245,-0.3768,0.0578,0,-0.0615,0.0024,0.9981,0,0,0.4248,0,1]},{"frame":6,"values":[-0.3721,-0.9279,-0.0227,0,0.926,-0.3728,0.0596,0,-0.0638,0.0012,0.998,0,0,0.4248,0,1]},{"frame":7,"values":[-0.3671,-0.9299,-0.0241,0,0.9279,-0.3679,0.0612,0,-0.0658,0.0001,0.9978,0,0,0.4248,0,1]},{"frame":8,"values":[-0.3612,-0.9321,-0.0251,0,0.93,-0.3621,0.0625,0,-0.0674,-0.0007,0.9977,0,0,0.4248,0,1]},{"frame":9,"values":[-0.3548,-0.9346,-0.0255,0,0.9324,-0.3557,0.0634,0,-0.0683,-0.0013,0.9977,0,0,0.4248,0,1]},{"frame":10,"values":[-0.3479,-0.9372,-0.0253,0,0.935,-0.3488,0.0638,0,-0.0686,-0.0015,0.9976,0,0,0.4248,0,1]},{"frame":11,"values":[-0.3382,-0.9408,-0.024,0,0.9398,-0.339,0.0424,0,-0.048,-0.0082,0.9988,0,0,0.4248,0,1]},{"frame":12,"values":[-0.3242,-0.9458,-0.0214,0,0.9459,-0.3238,-0.0182,0,0.0103,-0.0262,0.9996,0,0,0.4248,0,1]},{"frame":13,"values":[-0.3092,-0.9508,-0.0186,0,0.9471,-0.3061,-0.0961,0,0.0857,-0.0474,0.9952,0,0,0.4248,0,1]},{"frame":14,"values":[-0.2984,-0.9543,-0.0159,0,0.9434,-0.2924,-0.1565,0,0.1447,-0.0617,0.9876,0,0,0.4248,0,1]},{"frame":15,"values":[-0.2945,-0.9556,-0.0126,0,0.9411,-0.2877,-0.1779,0,0.1664,-0.0642,0.984,0,0,0.4248,0,1]},{"frame":16,"values":[-0.2994,-0.9541,-0.0087,0,0.9403,-0.2935,-0.1722,0,0.1617,-0.0597,0.985,0,0,0.4248,0,1]},{"frame":17,"values":[-0.3144,-0.9493,-0.0046,0,0.9384,-0.3101,-0.1522,0,0.143,-0.0522,0.9883,0,0,0.4248,0,1]},{"frame":18,"values":[-0.3368,-0.9416,0,0,0.9351,-0.3345,-0.1169,0,0.11,-0.0394,0.9931,0,0,0.4248,0,1]},{"frame":19,"values":[-0.3601,-0.9329,0.0049,0,0.9305,-0.3595,-0.0706,0,0.0676,-0.0209,0.9975,0,0,0.4248,0,1]},{"frame":20,"values":[-0.3792,-0.9253,0.0104,0,0.9251,-0.3793,-0.0201,0,0.0226,0.002,0.9997,0,0,0.4248,0,1]},{"frame":21,"values":[-0.3949,-0.9186,0.0179,0,0.9183,-0.394,0.0374,0,-0.0274,0.0312,0.9991,0,0,0.4248,0,1]},{"frame":22,"values":[-0.4101,-0.9116,0.0275,0,0.9078,-0.4052,0.108,0,-0.0873,0.0693,0.9938,0,0,0.4248,0,1]},{"frame":23,"values":[-0.4259,-0.904,0.0364,0,0.8918,-0.4126,0.1858,0,-0.1529,0.1115,0.9819,0,0,0.4248,0,1]},{"frame":24,"values":[-0.4427,-0.8958,0.0405,0,0.8701,-0.4182,0.2606,0,-0.2165,0.1506,0.9646,0,0,0.4248,0,1]},{"frame":25,"values":[-0.4603,-0.887,0.038,0,0.8449,-0.4245,0.3256,0,-0.2726,0.182,0.9447,0,0,0.4248,0,1]},{"frame":26,"values":[-0.4817,-0.8758,0.0304,0,0.8124,-0.4332,0.3903,0,-0.3287,0.2127,0.9202,0,0,0.4248,0,1]},{"frame":27,"values":[-0.5079,-0.8612,0.0189,0,0.7691,-0.4435,0.4602,0,-0.388,0.2483,0.8876,0,0,0.4248,0,1]},{"frame":28,"values":[-0.5325,-0.8464,0.0058,0,0.7242,-0.4521,0.5207,0,-0.4381,0.2814,0.8537,0,0,0.4248,0,1]},{"frame":29,"values":[-0.5486,-0.8361,-0.0042,0,0.6924,-0.4571,0.5583,0,-0.4687,0.3034,0.8296,0,0,0.4248,0,1]},{"frame":30,"values":[-0.5538,-0.8326,-0.0076,0,0.6817,-0.4586,0.5701,0,-0.4782,0.3105,0.8216,0,0,0.4248,0,1]},{"frame":31,"values":[-0.5342,-0.8453,-0.0073,0,0.6962,-0.4449,0.5634,0,-0.4795,0.2959,0.8261,0,0,0.4248,0,1]},{"frame":32,"values":[-0.4774,-0.8786,-0.0074,0,0.7369,-0.405,0.5413,0,-0.4786,0.253,0.8408,0,0,0.4248,0,1]},{"frame":33,"values":[-0.4011,-0.916,-0.0099,0,0.7896,-0.3511,0.5033,0,-0.4645,0.1941,0.8641,0,0,0.4248,0,1]},{"frame":34,"values":[-0.3394,-0.9405,-0.0149,0,0.8352,-0.3086,0.4553,0,-0.4328,0.1421,0.8902,0,0,0.4248,0,1]},{"frame":35,"values":[-0.3172,-0.9482,-0.0189,0,0.8648,-0.2974,0.4047,0,-0.3893,0.112,0.9143,0,0,0.4248,0,1]},{"frame":36,"values":[-0.3189,-0.9476,-0.0214,0,0.889,-0.3068,0.3398,0,-0.3286,0.0894,0.9402,0,0,0.4248,0,1]},{"frame":37,"values":[-0.324,-0.9457,-0.0242,0,0.9139,-0.3195,0.2503,0,-0.2444,0.059,0.9679,0,0,0.4248,0,1]},{"frame":38,"values":[-0.332,-0.9429,-0.0261,0,0.9302,-0.3318,0.1571,0,-0.1568,0.0279,0.9872,0,0,0.4248,0,1]},{"frame":39,"values":[-0.3405,-0.9399,-0.0264,0,0.9356,-0.3415,0.09,0,-0.0936,0.006,0.9956,0,0,0.4248,0,1]},{"frame":40,"values":[-0.3479,-0.9372,-0.0253,0,0.935,-0.3488,0.0638,0,-0.0686,-0.0015,0.9976,0,0,0.4248,0,1]},{"frame":41,"values":[-0.3558,-0.9343,-0.0233,0,0.9324,-0.3565,0.0596,0,-0.064,-0.0006,0.9979,0,0,0.4248,0,1]},{"frame":42,"values":[-0.3656,-0.9305,-0.0206,0,0.9287,-0.3662,0.0581,0,-0.0616,0.0021,0.9981,0,0,0.4248,0,1]},{"frame":43,"values":[-0.3752,-0.9268,-0.0179,0,0.925,-0.3756,0.0578,0,-0.0603,0.0051,0.9982,0,0,0.4248,0,1]},{"frame":44,"values":[-0.3817,-0.9241,-0.016,0,0.9225,-0.382,0.0564,0,-0.0582,0.0068,0.9983,0,0,0.4248,0,1]},{"frame":45,"values":[-0.3838,-0.9233,-0.0153,0,0.9218,-0.3841,0.0524,0,-0.0543,0.006,0.9985,0,0,0.4248,0,1]},{"frame":46,"values":[-0.3735,-0.9275,-0.0152,0,0.9263,-0.3738,0.0478,0,-0.0501,0.0038,0.9987,0,0,0.4248,0,1]},{"frame":47,"values":[-0.3441,-0.9388,-0.0151,0,0.9379,-0.3445,0.0404,0,-0.0432,-0.0003,0.9991,0,0,0.4248,0,1]},{"frame":48,"values":[-0.3059,-0.9519,-0.0163,0,0.9518,-0.3062,0.0206,0,-0.0246,-0.0093,0.9997,0,0,0.4248,0,1]},{"frame":49,"values":[-0.2757,-0.961,-0.0202,0,0.9611,-0.2754,-0.0193,0,0.013,-0.0247,0.9996,0,0,0.4248,0,1]},{"frame":50,"values":[-0.2651,-0.9638,-0.0265,0,0.9617,-0.2624,-0.0789,0,0.0691,-0.0464,0.9965,0,0,0.4248,0,1]},{"frame":51,"values":[-0.3006,-0.953,-0.038,0,0.9264,-0.2822,-0.2494,0,0.227,-0.1101,0.9677,0,0,0.4248,0,1]},{"frame":52,"values":[-0.3366,-0.9408,-0.041,0,0.869,-0.2936,-0.3984,0,0.3628,-0.1697,0.9163,0,0,0.4248,0,1]},{"frame":53,"values":[-0.3374,-0.9404,-0.0417,0,0.8563,-0.2882,-0.4286,0,0.391,-0.1803,0.9025,0,0,0.4248,0,1]},{"frame":54,"values":[-0.3376,-0.9403,-0.0419,0,0.851,-0.2859,-0.4406,0,0.4023,-0.1844,0.8967,0,0,0.4248,0,1]},{"frame":55,"values":[-0.3379,-0.9402,-0.0418,0,0.8498,-0.2858,-0.4428,0,0.4044,-0.1851,0.8956,0,0,0.4248,0,1]},{"frame":56,"values":[-0.3501,-0.936,-0.0356,0,0.8708,-0.3113,-0.3806,0,0.3452,-0.1642,0.9241,0,0,0.4248,0,1]},{"frame":57,"values":[-0.3859,-0.9223,-0.0223,0,0.91,-0.3765,-0.1737,0,0.1518,-0.0873,0.9845,0,0,0.4248,0,1]},{"frame":58,"values":[-0.4344,-0.9006,-0.0164,0,0.8895,-0.4318,0.1494,0,-0.1416,0.0503,0.9886,0,0,0.4248,0,1]},{"frame":59,"values":[-0.4713,-0.8817,-0.0224,0,0.7795,-0.4282,0.4571,0,-0.4126,0.198,0.8891,0,0,0.4248,0,1]},{"frame":60,"values":[-0.484,-0.8747,-0.0261,0,0.6515,-0.3801,0.6566,0,-0.5842,0.3008,0.7538,0,0,0.4248,0,1]},{"frame":61,"values":[-0.4862,-0.8736,-0.0193,0,0.5071,-0.3001,0.808,0,-0.7117,0.3831,0.5889,0,0,0.4248,0,1]},{"frame":62,"values":[-0.4904,-0.8715,-0.0077,0,0.3431,-0.2012,0.9175,0,-0.8011,0.4473,0.3976,0,0,0.4248,0,1]},{"frame":63,"values":[-0.4927,-0.8702,-0.0027,0,0.2771,-0.1598,0.9474,0,-0.8249,0.4661,0.3199,0,0,0.4248,0,1]},{"frame":64,"values":[-0.4921,-0.8705,-0.0035,0,0.2947,-0.1704,0.9403,0,-0.8191,0.4617,0.3404,0,0,0.4248,0,1]},{"frame":65,"values":[-0.4906,-0.8713,-0.006,0,0.3445,-0.2003,0.9172,0,-0.8004,0.4479,0.3984,0,0,0.4248,0,1]},{"frame":66,"values":[-0.4891,-0.8722,-0.009,0,0.3993,-0.233,0.8867,0,-0.7755,0.4301,0.4622,0,0,0.4248,0,1]},{"frame":67,"values":[-0.4895,-0.8719,-0.0115,0,0.4301,-0.2528,0.8666,0,-0.7586,0.4193,0.4988,0,0,0.4248,0,1]},{"frame":68,"values":[-0.4863,-0.8736,-0.0157,0,0.5114,-0.2992,0.8055,0,-0.7085,0.3837,0.5923,0,0,0.4248,0,1]},{"frame":69,"values":[-0.3755,-0.9268,0.004,0,0.8634,-0.3482,0.3651,0,-0.337,0.1406,0.931,0,0,0.4248,0,1]},{"frame":70,"values":[-0.2651,-0.9638,-0.0265,0,0.9617,-0.2624,-0.0789,0,0.0691,-0.0464,0.9965,0,0,0.4248,0,1]},{"frame":71,"values":[-0.276,-0.9608,-0.0248,0,0.9594,-0.2738,-0.0672,0,0.0577,-0.0424,0.9974,0,0,0.4248,0,1]},{"frame":72,"values":[-0.3059,-0.9518,-0.0209,0,0.9517,-0.3051,-0.0344,0,0.0264,-0.0304,0.9992,0,0,0.4248,0,1]},{"frame":73,"values":[-0.3441,-0.9388,-0.0173,0,0.9388,-0.3443,0.0077,0,-0.0132,-0.0135,0.9998,0,0,0.4248,0,1]},{"frame":74,"values":[-0.3735,-0.9275,-0.0157,0,0.9266,-0.3738,0.0407,0,-0.0436,0.0007,0.999,0,0,0.4248,0,1]},{"frame":75,"values":[-0.3838,-0.9233,-0.0153,0,0.9218,-0.3841,0.0524,0,-0.0543,0.006,0.9985,0,0,0.4248,0,1]},{"frame":100,"values":[-0.3838,-0.9233,-0.0153,0,0.9218,-0.3841,0.0524,0,-0.0543,0.006,0.9985,0,0,0.4248,0,1]}],"loopBehavior":1,"name":"anim","property":"_matrix"}},
{"name":"Shin.R","index":4,"matrix":[0.9998,-0.0192,-0.0019,0,0.019,0.9957,-0.0905,0,0.0037,0.0905,0.9959,0,0,2.0305,0,1],"parentBoneIndex":3,"animation":{"dataType":3,"framePerSecond":24,"keys":[{"frame":0,"values":[0.9998,-0.0192,-0.0019,0,0.019,0.9957,-0.0905,0,0.0037,0.0905,0.9959,0,0,2.0305,0,1]},{"frame":1,"values":[0.9998,-0.0192,-0.0024,0,0.0189,0.9957,-0.0906,0,0.0041,0.0905,0.9959,0,0,2.0305,0,1]},{"frame":2,"values":[0.9998,-0.019,-0.0036,0,0.0186,0.9957,-0.091,0,0.0053,0.0909,0.9958,0,0,2.0305,0,1]},{"frame":3,"values":[0.9998,-0.0187,-0.0057,0,0.0181,0.9956,-0.0921,0,0.0074,0.092,0.9957,0,0,2.0305,0,1]},{"frame":4,"values":[0.9998,-0.0183,-0.0084,0,0.0174,0.9954,-0.0946,0,0.0101,0.0944,0.9955,0,0,2.0305,0,1]},{"frame":5,"values":[0.9998,-0.0179,-0.0114,0,0.0167,0.9949,-0.0991,0,0.0132,0.0988,0.995,0,0,2.0305,0,1]},{"frame":6,"values":[0.9997,-0.0175,-0.0145,0,0.0159,0.9942,-0.1059,0,0.0163,0.1057,0.9943,0,0,2.0305,0,1]},{"frame":7,"values":[0.9997,-0.0172,-0.0172,0,0.0151,0.9932,-0.1154,0,0.0191,0.1151,0.9932,0,0,2.0305,0,1]},{"frame":8,"values":[0.9997,-0.017,-0.0193,0,0.0144,0.9917,-0.1276,0,0.0213,0.1272,0.9916,0,0,2.0305,0,1]},{"frame":9,"values":[0.9996,-0.017,-0.0206,0,0.0139,0.9898,-0.1421,0,0.0228,0.1417,0.9896,0,0,2.0305,0,1]},{"frame":10,"values":[0.9996,-0.0171,-0.021,0,0.0136,0.9873,-0.1585,0,0.0234,0.1582,0.9871,0,0,2.0305,0,1]},{"frame":11,"values":[0.9996,-0.0173,-0.0208,0,0.0135,0.9847,-0.1735,0,0.0235,0.1732,0.9846,0,0,2.0305,0,1]},{"frame":12,"values":[0.9996,-0.0183,-0.0202,0,0.0141,0.982,-0.1885,0,0.0233,0.1881,0.9819,0,0,2.0305,0,1]},{"frame":13,"values":[0.9996,-0.021,-0.0189,0,0.0165,0.9767,-0.2139,0,0.0229,0.2135,0.9767,0,0,2.0305,0,1]},{"frame":14,"values":[0.9995,-0.0263,-0.0168,0,0.0211,0.9657,-0.259,0,0.023,0.2585,0.9657,0,0,2.0305,0,1]},{"frame":15,"values":[0.9993,-0.0338,-0.0138,0,0.0275,0.9456,-0.3243,0,0.024,0.3237,0.9459,0,0,2.0305,0,1]},{"frame":16,"values":[0.9989,-0.046,-0.009,0,0.0382,0.9089,-0.4154,0,0.0273,0.4146,0.9096,0,0,2.0305,0,1]},{"frame":17,"values":[0.9979,-0.0644,-0.0005,0,0.0542,0.8432,-0.5349,0,0.0348,0.5338,0.8449,0,0,2.0305,0,1]},{"frame":18,"values":[0.9965,-0.0827,0.0121,0,0.0702,0.7493,-0.6585,0,0.0454,0.6571,0.7525,0,0,2.0305,0,1]},{"frame":19,"values":[0.9953,-0.0936,0.0251,0,0.0801,0.6486,-0.7569,0,0.0545,0.7553,0.6531,0,0,2.0305,0,1]},{"frame":20,"values":[0.9949,-0.0943,0.0344,0,0.082,0.5664,-0.82,0,0.0579,0.8187,0.5713,0,0,2.0305,0,1]},{"frame":21,"values":[0.996,-0.0812,0.0372,0,0.073,0.5015,-0.8621,0,0.0514,0.8614,0.5054,0,0,2.0305,0,1]},{"frame":22,"values":[0.9981,-0.0522,0.0315,0,0.0516,0.4476,-0.8928,0,0.0325,0.8927,0.4494,0,0,2.0305,0,1]},{"frame":23,"values":[0.9996,-0.0172,0.0202,0,0.0255,0.4106,-0.9115,0,0.0073,0.9117,0.4109,0,0,2.0305,0,1]},{"frame":24,"values":[0.9999,0.0094,0.0101,0,0.0056,0.3918,-0.92,0,-0.0126,0.92,0.3917,0,0,2.0305,0,1]},{"frame":25,"values":[0.9998,0.0187,0.0063,0,-0.0014,0.3868,-0.9222,0,-0.0197,0.922,0.3867,0,0,2.0305,0,1]},{"frame":26,"values":[0.9999,0.0105,0.0073,0,0.0018,0.4479,-0.8941,0,-0.0127,0.894,0.4479,0,0,2.0305,0,1]},{"frame":27,"values":[0.9999,-0.0131,0.0072,0,0.0137,0.6128,-0.7901,0,0.006,0.7901,0.6129,0,0,2.0305,0,1]},{"frame":28,"values":[0.9991,-0.0431,0.0001,0,0.0344,0.7949,-0.6057,0,0.026,0.6051,0.7957,0,0,2.0305,0,1]},{"frame":29,"values":[0.9979,-0.0642,-0.0107,0,0.0536,0.9042,-0.4237,0,0.0369,0.4222,0.9058,0,0,2.0305,0,1]},{"frame":30,"values":[0.9974,-0.0708,-0.0161,0,0.0614,0.9408,-0.3332,0,0.0388,0.3313,0.9427,0,0,2.0305,0,1]},{"frame":31,"values":[0.9975,-0.0692,-0.0166,0,0.0608,0.95,-0.3062,0,0.037,0.3045,0.9518,0,0,2.0305,0,1]},{"frame":32,"values":[0.9978,-0.0649,-0.0162,0,0.0573,0.9547,-0.2919,0,0.0344,0.2903,0.9563,0,0,2.0305,0,1]},{"frame":33,"values":[0.9982,-0.0584,-0.0154,0,0.0516,0.9568,-0.2862,0,0.0315,0.2849,0.9581,0,0,2.0305,0,1]},{"frame":34,"values":[0.9986,-0.0515,-0.0153,0,0.0452,0.9589,-0.2803,0,0.0291,0.2792,0.9598,0,0,2.0305,0,1]},{"frame":35,"values":[0.9988,-0.0455,-0.016,0,0.0396,0.9628,-0.2674,0,0.0275,0.2665,0.9634,0,0,2.0305,0,1]},{"frame":36,"values":[0.9991,-0.0393,-0.0173,0,0.0338,0.9681,-0.2482,0,0.0265,0.2473,0.9686,0,0,2.0305,0,1]},{"frame":37,"values":[0.9993,-0.0316,-0.0188,0,0.0265,0.9739,-0.2254,0,0.0254,0.2248,0.9741,0,0,2.0305,0,1]},{"frame":38,"values":[0.9995,-0.0241,-0.02,0,0.0195,0.9794,-0.2011,0,0.0245,0.2006,0.9794,0,0,2.0305,0,1]},{"frame":39,"values":[0.9996,-0.0189,-0.0208,0,0.0149,0.9839,-0.1781,0,0.0238,0.1777,0.9838,0,0,2.0305,0,1]},{"frame":40,"values":[0.9996,-0.0171,-0.021,0,0.0136,0.9873,-0.1585,0,0.0234,0.1582,0.9871,0,0,2.0305,0,1]},{"frame":41,"values":[0.9997,-0.0171,-0.0193,0,0.0143,0.9901,-0.1398,0,0.0215,0.1395,0.99,0,0,2.0305,0,1]},{"frame":42,"values":[0.9997,-0.0176,-0.0145,0,0.0157,0.9926,-0.1204,0,0.0165,0.1202,0.9926,0,0,2.0305,0,1]},{"frame":43,"values":[0.9998,-0.0183,-0.0084,0,0.0174,0.9944,-0.1039,0,0.0102,0.1038,0.9945,0,0,2.0305,0,1]},{"frame":44,"values":[0.9998,-0.019,-0.0036,0,0.0186,0.9954,-0.0937,0,0.0054,0.0936,0.9956,0,0,2.0305,0,1]},{"frame":45,"values":[0.9998,-0.0192,-0.0019,0,0.019,0.9957,-0.0905,0,0.0037,0.0905,0.9959,0,0,2.0305,0,1]},{"frame":46,"values":[0.9998,-0.0191,-0.0037,0,0.0186,0.9949,-0.099,0,0.0055,0.0989,0.9951,0,0,2.0305,0,1]},{"frame":47,"values":[0.9998,-0.0187,-0.0085,0,0.0175,0.9923,-0.1228,0,0.0107,0.1226,0.9924,0,0,2.0305,0,1]},{"frame":48,"values":[0.9997,-0.0184,-0.0147,0,0.0159,0.9881,-0.1533,0,0.0173,0.153,0.9881,0,0,2.0305,0,1]},{"frame":49,"values":[0.9996,-0.0182,-0.0195,0,0.0145,0.9841,-0.1769,0,0.0224,0.1766,0.984,0,0,2.0305,0,1]},{"frame":50,"values":[0.9996,-0.0182,-0.0212,0,0.014,0.9826,-0.1853,0,0.0242,0.1849,0.9825,0,0,2.0305,0,1]},{"frame":51,"values":[0.9996,-0.0182,-0.0212,0,0.014,0.9826,-0.1853,0,0.0242,0.1849,0.9825,0,0,2.0305,0,1]},{"frame":52,"values":[0.9996,-0.0182,-0.0212,0,0.014,0.9826,-0.1853,0,0.0242,0.1849,0.9825,0,0,2.0305,0,1]},{"frame":53,"values":[0.9998,-0.0129,-0.0135,0,0.0083,0.956,-0.2932,0,0.0167,0.293,0.956,0,0,2.0305,0,1]},{"frame":54,"values":[1,0.0015,0.0004,0,-0.001,0.8374,-0.5465,0,-0.0011,0.5465,0.8374,0,0,2.0305,0,1]},{"frame":55,"values":[0.9999,0.0097,0.0038,0,-0.0038,0.6853,-0.7283,0,-0.0096,0.7282,0.6853,0,0,2.0305,0,1]},{"frame":56,"values":[1,0.0084,0.0003,0,-0.0044,0.5493,-0.8356,0,-0.0072,0.8356,0.5493,0,0,2.0305,0,1]},{"frame":57,"values":[1,0.0037,-0.0046,0,-0.0057,0.3922,-0.9199,0,-0.0016,0.9199,0.3922,0,0,2.0305,0,1]},{"frame":58,"values":[1,-0.0029,-0.009,0,-0.008,0.2475,-0.9688,0,0.005,0.9689,0.2475,0,0,2.0305,0,1]},{"frame":59,"values":[0.9999,-0.0083,-0.0116,0,-0.0102,0.1538,-0.988,0,0.01,0.9881,0.1537,0,0,2.0305,0,1]},{"frame":60,"values":[0.9999,-0.0102,-0.0124,0,-0.011,0.124,-0.9922,0,0.0117,0.9922,0.1239,0,0,2.0305,0,1]},{"frame":61,"values":[0.9999,-0.0059,-0.0086,0,-0.007,0.2364,-0.9716,0,0.0078,0.9716,0.2364,0,0,2.0305,0,1]},{"frame":62,"values":[1,0.0028,0.0028,0,0.001,0.5062,-0.8624,0,-0.0038,0.8624,0.5061,0,0,2.0305,0,1]},{"frame":63,"values":[0.9999,0.0074,0.0144,0,0.005,0.7065,-0.7077,0,-0.0155,0.7077,0.7064,0,0,2.0305,0,1]},{"frame":64,"values":[0.9997,0.0089,0.0243,0,0.006,0.8339,-0.5518,0,-0.0252,0.5518,0.8336,0,0,2.0305,0,1]},{"frame":65,"values":[0.9994,0.0085,0.0332,0,0.0052,0.9197,-0.3926,0,-0.0339,0.3925,0.9191,0,0,2.0305,0,1]},{"frame":66,"values":[0.9993,0.008,0.0364,0,0.0045,0.943,-0.3327,0,-0.037,0.3327,0.9423,0,0,2.0305,0,1]},{"frame":67,"values":[0.9993,0.008,0.0364,0,0.0045,0.943,-0.3327,0,-0.037,0.3327,0.9423,0,0,2.0305,0,1]},{"frame":68,"values":[0.9993,0.008,0.0364,0,0.0045,0.943,-0.3327,0,-0.037,0.3327,0.9423,0,0,2.0305,0,1]},{"frame":69,"values":[1,-0.0056,0.0079,0,0.0075,0.962,-0.2731,0,-0.006,0.2732,0.962,0,0,2.0305,0,1]},{"frame":70,"values":[0.9996,-0.0182,-0.0212,0,0.014,0.9826,-0.1853,0,0.0242,0.1849,0.9825,0,0,2.0305,0,1]},{"frame":71,"values":[0.9996,-0.0193,-0.0194,0,0.0163,0.9895,-0.1433,0,0.0219,0.1429,0.9895,0,0,2.0305,0,1]},{"frame":72,"values":[0.9997,-0.0197,-0.0145,0,0.0179,0.9934,-0.1133,0,0.0166,0.113,0.9935,0,0,2.0305,0,1]},{"frame":73,"values":[0.9998,-0.0196,-0.0084,0,0.0187,0.9951,-0.097,0,0.0102,0.0969,0.9952,0,0,2.0305,0,1]},{"frame":74,"values":[0.9998,-0.0194,-0.0036,0,0.019,0.9956,-0.0914,0,0.0054,0.0913,0.9958,0,0,2.0305,0,1]},{"frame":75,"values":[0.9998,-0.0192,-0.0019,0,0.019,0.9957,-0.0905,0,0.0037,0.0905,0.9959,0,0,2.0305,0,1]},{"frame":100,"values":[0.9998,-0.0192,-0.0019,0,0.019,0.9957,-0.0905,0,0.0037,0.0905,0.9959,0,0,2.0305,0,1]}],"loopBehavior":1,"name":"anim","property":"_matrix"}},
